380	0.0579961992093
381	0.0486073869142
382	0.0433032354288
383	0.0489745000242
384	0.0588063798658
385	0.0616082546361
386	0.0642793189879
387	0.0661486420651
388	0.0750521899045
389	0.0863440828041
390	0.0919140748174
391	0.0815083170108
392	0.0626209804567
393	0.0674820643956
394	0.0915427420165
395	0.0845211763271
396	0.0784110638761
397	0.109408913368
398	0.133967514518
399	0.142997653085
400	0.148517008807
401	0.156715868263
402	0.155724240897
403	0.156601936608
404	0.157099860136
405	0.159690750361
406	0.163615062916
407	0.173835154322
408	0.183219746926
409	0.18213528636
410	0.193541110914
411	0.206672789055
412	0.207453431875
413	0.210656177282
414	0.215297837293
415	0.221517661708
416	0.217627106681
417	0.208090605203
418	0.209605474243
419	0.215188125329
420	0.223762537277
421	0.223745658513
422	0.217061668098
423	0.222235009164
424	0.222315183292
425	0.231678677441
426	0.227163608158
427	0.233661932173
428	0.219555505431
429	0.205989199126
430	0.224344854624
431	0.255925021463
432	0.274221601288
433	0.278863261299
434	0.290496949163
435	0.31609781397
436	0.307607795841
437	0.297902506727
438	0.304198285578
439	0.316646373789
440	0.325081535937
441	0.34112058112
442	0.348319373829
443	0.351349111909
444	0.340420112428
445	0.34125561123
446	0.354572955771
447	0.36164093806
448	0.363088292046
449	0.384515882533
450	0.386161561991
451	0.381190766089
452	0.368000012275
453	0.383351247839
454	0.387334636067
455	0.398516817003
456	0.419644809435
457	0.415277429334
458	0.417218487156
459	0.423573341681
460	0.44422872873
461	0.458824639619
462	0.466225977491
463	0.457216937379
464	0.463432542103
465	0.47338257329
466	0.476167569297
467	0.486396100085
468	0.497038160583
469	0.506794085988
470	0.523398569755
471	0.547117452411
472	0.567498559551
473	0.586073638977
474	0.605340747714
475	0.61450591639
476	0.641613210855
477	0.661344485593
478	0.684265846666
479	0.710419490983
480	0.737611179266
481	0.751236561243
482	0.7635707178
483	0.771520615492
484	0.753578489704
485	0.710664233056
486	0.728825782772
487	0.77821304529
488	0.810468362676
489	0.837271839394
490	0.845078267594
491	0.832760989801
492	0.841905060023
493	0.864353815713
494	0.876405252978
495	0.880245171715
496	0.882464729138
497	0.865729434953
498	0.858775384318
499	0.843989587337
500	0.827380883879
501	0.82132140772
502	0.833381284367
503	0.829621539758
504	0.837533460231
505	0.856437675549
506	0.844892601194
507	0.836027030573
508	0.842141362715
509	0.840799501002
510	0.84693915129
511	0.846977128508
512	0.828131988863
513	0.813996024284
514	0.815759855088
515	0.801514178545
516	0.752624839556
517	0.743265565097
518	0.761351160377
519	0.796889397298
520	0.819338152988
521	0.822629511905
522	0.819878273425
523	0.837837277977
524	0.843618254536
525	0.81640968749
526	0.787530122839
527	0.804961666026
528	0.833296890548
529	0.846842098399
530	0.847694475964
531	0.834761123297
532	0.814350478321
533	0.816941368546
534	0.829921137813
535	0.834052215223
536	0.819582895061
537	0.81953225877
538	0.809632863874
539	0.789099847861
540	0.780491678386
541	0.788230591532
542	0.787276941384
543	0.791057784447
544	0.790251823482
545	0.790180088736
546	0.784221885158
547	0.77307346175
548	0.776326843449
549	0.77693025925
550	0.771301191564
551	0.773959596843
552	0.76545269995
553	0.763857656783
554	0.769385451887
555	0.759722359682
556	0.747611846744
557	0.734767107586
558	0.721500399336
559	0.721643868827
560	0.730564295431
561	0.728201268516
562	0.729602205901
563	0.725867779438
564	0.720588946098
565	0.710301339637
566	0.712790957279
567	0.710056597563
568	0.703701743039
569	0.697304691606
570	0.683784801901
571	0.687261827218
572	0.695106232637
573	0.696300405167
574	0.684679376376
575	0.675075359844
576	0.674543678788
577	0.663986012108
578	0.661724257776
579	0.66638279655
580	0.672484469619
581	0.678619900216
582	0.681413335604
583	0.680598935257
584	0.671269198635
585	0.656263977726
586	0.656618431763
587	0.647799277742
588	0.621101293297
589	0.60908783325
590	0.620953604115
591	0.628422457042
592	0.627949851659
593	0.622827146883
594	0.618708728546
595	0.613071221478
596	0.613653538825
597	0.606741685099
598	0.600184285411
599	0.595078459399
600	0.58769400029
601	0.581145039983
602	0.582765401296
603	0.58939031604
604	0.587474576362
605	0.583820324026
606	0.580744169346
607	0.577929635503
608	0.572832248873
609	0.566367682385
610	0.564679806017
611	0.559903115896
612	0.555248796813
613	0.552687444425
614	0.548391799069
615	0.543412563784
616	0.534179880053
617	0.540416583232
618	0.543074988511
619	0.545741833172
620	0.543682624003
621	0.536424755622
622	0.52966481077
623	0.518035342597
624	0.510836549889
625	0.506085177914
626	0.503941574927
627	0.492033607153
628	0.483999315643
629	0.480530729707
630	0.477720415555
631	0.477661339882
632	0.480302866398
633	0.479522223578
634	0.477003068099
635	0.475627448859
636	0.475019813367
637	0.476657053444
638	0.474471253547
639	0.465314524253
640	0.45960950213
641	0.456689476014
642	0.456174673722
643	0.451980300948
644	0.449245941233
645	0.443777221802
646	0.439388743246
647	0.436173338765
648	0.427759275072
649	0.419796718308
650	0.422661888442
651	0.422088010477
652	0.420872739492
653	0.417125653956
654	0.406703017386
655	0.375300077566
656	0.361948975497
657	0.379578844158
658	0.389630147927
659	0.396930213217
660	0.397546288091
661	0.398753119694
662	0.393765445028
663	0.389638587309
664	0.387722847632
665	0.386448500974
666	0.381604295799
667	0.378819299792
668	0.377173620334
669	0.37508909302
670	0.371839931012
671	0.366742544382
672	0.364455471903
673	0.363248640301
674	0.35865761658
675	0.356733437521
676	0.353028548894
677	0.350176037833
678	0.346412073533
679	0.343816963618
680	0.340884278429
681	0.339702764972
682	0.33519613507
683	0.32913665891
684	0.324596271481
685	0.314899421749
686	0.271141226917
687	0.237282426982
688	0.237898501856
689	0.24521544591
690	0.258119260741
691	0.270904924226
692	0.28019668363
693	0.282116642998
694	0.282314968471
695	0.282095544543
696	0.283184224801
697	0.280711485922
698	0.277875853624
699	0.27413720747
700	0.268676927421
701	0.265309614067
702	0.263756767809
703	0.262195482169
704	0.262693405697
705	0.26160472544
706	0.25866782056
707	0.255899703317
708	0.252718056364
709	0.250945786178
710	0.248599638027
711	0.246110020385
712	0.243987515853
713	0.242565480013
714	0.238598970549
715	0.233999507447
716	0.224707748043
717	0.212875734706
718	0.200807418677
719	0.193397641423
720	0.196545530849
721	0.204529186068
722	0.20839442295
723	0.202048007807
724	0.196967499941
725	0.195271184191
726	0.194832336335
727	0.192874399749
728	0.190486054689
729	0.188916329667
730	0.189355177522
731	0.190578887889
732	0.193093823677
733	0.19283220284
734	0.194055913206
735	0.190848948108
736	0.189414253195
737	0.187540710427
738	0.185312713622
739	0.182924368562
740	0.180738568665
741	0.179050692298
742	0.178991616625
743	0.178814389606
744	0.176358529491
745	0.17570869709
746	0.173117806866
747	0.172105081045
748	0.170636628605
749	0.168628055728
750	0.165437969393
751	0.163741653643
752	0.162652973386
753	0.161851232111
754	0.159707629124
755	0.158028192139
756	0.155606089551
757	0.153057396236
758	0.143107365049
759	0.0998892906546
760	0.0499112714082
761	0.0403747699309
762	0.0441978099037
763	0.0462823372178
764	0.0553884302213
765	0.0740563428476
766	0.0941673897682
767	0.110700138789
768	0.122262091908
769	0.126329873954
770	0.127713932575
771	0.127545144939
772	0.126363631481
773	0.125342466279
774	0.123390859229
775	0.121468790015
776	0.120380109758
777	0.116869326913
778	0.116101343166
779	0.114632890726
780	0.112700272285
781	0.110100942679
782	0.109147292531
783	0.1074425374
784	0.105940327433
785	0.10491916223
786	0.103484467318
787	0.102201681278
788	0.100902016475
789	0.0995179578537
790	0.0985221107968
791	0.097154930939
792	0.0959713076362
793	0.0947075102059
794	0.0938551326402
795	0.0950535248613
796	0.0951632368252
797	0.0959734174816
798	0.094808782788
799	0.094285541114
800	0.0938888901676
801	0.0930449519838
802	0.0924204377277
803	0.0912220455067
804	0.0912304848885
805	0.0908000764148
806	0.0902430772134
807	0.0891459575745
808	0.0879053684442
809	0.0861246588764
810	0.0854326295656
811	0.0847574790185
812	0.0832130721421
813	0.0808500452274
814	0.0774067774374
815	0.0738052712379
816	0.0706890294941
817	0.0690517894175
818	0.0686382597074
819	0.0679124728693
820	0.0701573484383
821	0.0702501816385
822	0.0667478381756
823	0.0645114019885
824	0.0670706445309
825	0.0690517894175
826	0.0681994118518
827	0.0661233239196
828	0.064798340971
829	0.0641907054786
830	0.063701221332
831	0.064064114751
832	0.0620513221826
833	0.0615998152543
834	0.0627138136569
835	0.0629923132576
836	0.0627982074753
837	0.062654737984
838	0.0617264059818
839	0.0610829031167
840	0.060933104089
841	0.059945696414
842	0.0595828029949
843	0.0583000169555
844	0.0574054424806
845	0.0576839420813
846	0.0568927500339
847	0.0558947931316
848	0.0554053089849
849	0.0523164952321
850	0.051227814975
851	0.0518607686129
852	0.0513164284843
853	0.0479364560581
854	0.0452442932516
855	0.0460797920536
856	0.0481896375132
857	0.0492108027156
858	0.0480377286401
859	0.0475651232572
860	0.0471769116926
861	0.0461304283447
862	0.046113549581
863	0.0450755056149
864	0.0443665975405
865	0.041522525861
866	0.0381720912711
867	0.0391763777099
868	0.0400034371301
869	0.0405182394222
870	0.0396658618565
871	0.0388219236727
872	0.0383915151989
873	0.037657288979
874	0.0374104370602
875	0.0359947307569
876	0.0355812010468
877	0.0347710203903
878	0.034576914608
879	0.0338722262245
880	0.0320282212929
881	0.0315049796189
882	0.0314205858005
883	0.031707524783
884	0.0305239014802
885	0.0298002244876
886	0.0293782553956
887	0.0290153619766
888	0.0291630511588
889	0.0290575588858
890	0.0288718924853
891	0.0286862260849
892	0.028314893284
893	0.0283402114295
894	0.0274118794273
895	0.0267282894984
896	0.0253969770134
897	0.0247450347664
898	0.0240023691646
899	0.0227533406526
900	0.0229305676712
901	0.0226562877614
902	0.0226436286887
903	0.0235382031635
904	0.0250425229762
905	0.0250404131308
906	0.0236057182182
907	0.0222976140333
908	0.0213017669764
909	0.0207869646843
910	0.0211329793396
911	0.0215127515223
912	0.0214156986312
913	0.0203987531197
914	0.0211582974851
915	0.019706723809
916	0.0197003942726
917	0.0193775879173
918	0.0193269516262
919	0.0201308027463
920	0.0196138906087
921	0.0189134219162
922	0.0186686798428
923	0.0185863958699
924	0.0177656659861
925	0.0176390752586
926	0.017383783958
927	0.0174027725671
928	0.0160693502366
929	0.0150545145706
930	0.0133771874302
931	0.0120437650998
932	0.0104086348686
933	0.00882836061939
934	0.00782407418063
935	0.00790846799901
936	0.00769959329852
937	0.00738522632504
938	0.00747805952526
939	0.00940223858439
940	0.00963854127587
941	0.00915749651108
942	0.00897183011064
943	0.0080603768721
944	0.00746118076159
945	0.00761097978921
946	0.00736834756136
947	0.00769748345306
948	0.00766794561662
949	0.00753713519813
950	0.00694637846945
